1788662426 0
1788662427 0
1788662428 0
1788662429 4
1788662430 4
1788662431 4
1788662432 4
1788662433 4
1788662434 4
1788662435 4
1788662436 4
1788662437 4
1788662438 4
1788662439 4
1788662440 4
1788662441 4
1788662442 4
1788662443 4
1788662444 4
1788662445 4
1788662446 4
1788662447 4
1788662448 4
1788662450 4
1788662451 4
1788662452 4
1788662453 4
1788662454 4
1788662455 4
1788662456 4
1788662457 4
1788662458 4
1788662459 4
1788662460 4
1788662461 4
1788662462 4
1788662463 4
1788662464 4
1788662465 4
1788662466 4
1788662467 4
1788662468 4
1788662469 4
1788662471 4
1788662472 4
1788662473 4
1788662474 4
1788662475 4
1788662476 4
1788662477 4
1788662478 1
1788662479 0
1788662480 0
1788662481 0
1788662482 0
1788662483 0
1788662484 0
1788662485 0
