1788733227 5
1788733228 8
1788733229 8
1788733230 8
1788733231 8
1788733232 8
1788733233 8
1788733234 8
1788733235 8
1788733236 8
1788733237 8
1788733238 8
1788733239 8
1788733240 8
1788733241 8
1788733242 8
1788733243 8
1788733244 8
1788733245 8
1788733246 8
1788733247 8
1788733248 8
1788733249 8
1788733250 8
1788733251 8
1788733252 8
1788733253 8
1788733254 8
1788733255 8
1788733256 8
1788733257 8
1788733258 8
1788733259 8
1788733260 8
1788733261 8
1788733262 8
1788733263 8
1788733264 8
1788733265 8
1788733266 8
1788733267 8
1788733268 8
1788733269 8
1788733270 8
1788733271 8
1788733272 8
1788733273 8
1788733274 8
1788733275 8
1788733276 8
1788733277 8
1788733278 8
1788733279 8
1788733280 8
1788733281 8
1788733282 8
1788733283 8
1788733284 8
1788733284 8
1788733286 8
1788733286 8
1788733288 8
1788733289 8
1788733289 8
1788733290 8
1788733291 8
1788733292 8
1788733293 8
1788733294 8
1788733295 8
1788733296 8
1788733297 8
1788733298 8
1788733299 8
1788733300 7
1788733301 7
1788733302 7
1788733303 5
1788733304 5
1788733305 4
1788733306 4
1788733307 4
1788733308 2
1788733309 1
1788733310 0
1788733311 0
1788733312 0
