1788684772 7
1788684773 8
1788684774 8
1788684775 8
1788684776 8
1788684777 8
1788684778 8
1788684779 8
1788684780 8
1788684781 8
1788684782 8
1788684783 8
1788684784 8
1788684785 8
1788684786 8
1788684787 8
1788684788 8
1788684789 8
1788684790 8
1788684791 8
1788684792 8
1788684793 8
1788684794 8
1788684795 8
1788684796 8
1788684797 8
1788684798 8
1788684799 8
1788684800 8
1788684801 8
1788684802 8
1788684803 8
1788684804 8
1788684805 8
1788684806 8
1788684807 8
1788684808 8
1788684809 8
1788684810 8
1788684811 8
1788684812 8
1788684813 8
1788684814 8
1788684815 8
1788684816 8
1788684817 8
1788684818 7
1788684819 7
1788684820 7
1788684821 7
1788684822 7
1788684823 7
1788684824 5
1788684825 5
1788684826 5
1788684827 5
1788684828 5
1788684829 4
1788684830 2
1788684831 1
1788684832 0
1788684833 0
1788684834 0
1788684835 0
