1788684889 0
1788684890 8
1788684891 8
1788684892 8
1788684893 8
1788684894 8
1788684895 8
1788684896 8
1788684897 8
1788684897 8
1788684898 8
1788684899 8
1788684900 8
1788684901 8
1788684902 8
1788684903 8
1788684904 8
1788684905 8
1788684906 8
1788684907 8
1788684908 8
1788684909 8
1788684910 8
1788684911 8
1788684912 8
1788684913 8
1788684914 8
1788684915 8
1788684916 8
1788684916 8
1788684917 8
1788684918 8
1788684919 8
1788684920 8
1788684921 8
1788684922 8
1788684923 8
1788684924 8
1788684925 8
1788684926 8
1788684927 8
1788684928 8
1788684929 8
1788684930 8
1788684931 8
1788684932 8
1788684932 8
1788684933 8
1788684934 8
1788684935 8
1788684936 8
1788684937 8
1788684938 7
1788684939 7
1788684940 7
1788684941 7
1788684942 7
1788684943 7
1788684944 7
1788684945 7
1788684946 6
1788684947 6
1788684948 6
1788684949 3
1788684950 0
1788684951 0
1788684951 0
1788684952 0
1788684953 0
