1788672615 8
1788672617 8
1788672618 8
1788672619 8
1788672620 8
1788672621 8
1788672622 8
1788672623 8
1788672624 8
1788672625 8
1788672626 8
1788672627 8
1788672628 8
1788672629 8
1788672630 8
1788672632 8
1788672633 8
1788672634 8
1788672635 8
1788672636 8
1788672637 8
1788672638 8
1788672639 8
1788672640 8
1788672641 8
1788672642 8
1788672643 8
1788672644 8
1788672645 8
1788672646 8
1788672647 8
1788672648 8
1788672649 8
1788672651 8
1788672652 8
1788672653 8
1788672654 8
1788672655 8
1788672656 8
1788672657 8
1788672658 8
1788672659 8
1788672660 8
1788672661 8
1788672662 8
1788672663 8
1788672664 8
1788672665 8
1788672666 8
1788672667 7
1788672668 6
1788672669 6
1788672670 5
1788672671 5
1788672672 5
1788672674 4
1788672675 4
1788672676 1
1788672677 0
1788672678 0
1788672679 0
