1788672731 0
1788672732 8
1788672733 8
1788672734 8
1788672735 8
1788672736 8
1788672737 8
1788672738 8
1788672739 8
1788672740 8
1788672741 8
1788672743 8
1788672744 8
1788672745 8
1788672746 8
1788672747 8
1788672748 8
1788672749 8
1788672750 8
1788672751 8
1788672752 8
1788672753 8
1788672754 8
1788672755 8
1788672756 8
1788672757 8
1788672758 8
1788672759 8
1788672761 8
1788672762 8
1788672763 8
1788672764 8
1788672765 8
1788672766 8
1788672767 8
1788672768 8
1788672769 8
1788672770 8
1788672771 8
1788672772 8
1788672773 8
1788672774 8
1788672775 8
1788672777 8
1788672778 8
1788672779 8
1788672780 8
1788672781 8
1788672782 8
1788672783 8
1788672784 7
1788672785 7
1788672786 7
1788672787 5
1788672788 5
1788672789 5
1788672790 1
1788672791 0
1788672792 0
1788672793 0
