1788683006 7
1788683007 8
1788683008 8
1788683009 8
1788683010 8
1788683011 8
1788683012 8
1788683013 8
1788683014 8
1788683015 8
1788683016 8
1788683017 8
1788683018 8
1788683019 8
1788683020 8
1788683021 8
1788683022 8
1788683023 8
1788683024 8
1788683025 8
1788683026 8
1788683027 8
1788683028 8
1788683029 8
1788683030 8
1788683031 8
1788683032 8
1788683033 8
1788683034 8
1788683035 8
1788683036 8
1788683037 8
1788683038 8
1788683039 8
1788683041 8
1788683042 8
1788683042 8
1788683043 8
1788683044 8
1788683045 8
1788683046 8
1788683048 8
1788683049 8
1788683050 8
1788683051 8
1788683052 8
1788683052 8
1788683053 8
1788683055 8
1788683055 7
1788683056 7
1788683057 7
1788683058 6
1788683059 6
1788683060 6
1788683061 6
1788683062 5
1788683063 3
1788683064 3
1788683065 3
1788683066 2
1788683067 0
1788683068 0
1788683069 0
