1788683147 0
1788683148 8
1788683149 8
1788683150 8
1788683151 8
1788683152 8
1788683152 8
1788683153 8
1788683155 8
1788683156 8
1788683157 8
1788683158 8
1788683159 8
1788683160 8
1788683161 8
1788683162 8
1788683163 8
1788683163 8
1788683164 8
1788683165 8
1788683166 8
1788683167 8
1788683168 8
1788683169 8
1788683170 8
1788683171 8
1788683172 8
1788683173 8
1788683174 8
1788683175 8
1788683176 8
1788683177 8
1788683178 8
1788683179 8
1788683181 8
1788683181 8
1788683182 8
1788683184 8
1788683185 8
1788683185 8
1788683186 8
1788683187 8
1788683188 8
1788683189 8
1788683190 8
1788683191 8
1788683192 8
1788683193 8
1788683194 8
1788683195 8
1788683196 8
1788683197 8
1788683198 8
1788683199 8
1788683200 8
1788683201 8
1788683202 8
1788683203 7
1788683204 5
1788683205 3
1788683206 3
1788683207 2
1788683208 1
1788683209 0
1788683210 0
1788683211 0
