17121280 44797952
16809984 67903488
13697024 94134272
12460032 120598528
7905280 138240000
7905280 138240000
7905280 138240000
7905280 138240000
10416128 246120448
10416128 246120448
10416128 246120448
10416128 246120448
10416128 246120448
8331264 377008128
8331264 377008128
8331264 377008128
8331264 377008128
8331264 377008128
17174528 521629696
17174528 521629696
17174528 521629696
17174528 521629696
11005952 542064640
11005952 542064640
11005952 542064640
11005952 542064640
24027136 561553408
24027136 561553408
24027136 561553408
24027136 561553408
10579968 552718336
10579968 552718336
10579968 552718336
10579968 552718336
26578944 608157696
26578944 608157696
26578944 608157696
26578944 608157696
26578944 608157696
26578944 608157696
17575936 573423616
17575936 573423616
17575936 573423616
2977792 559050752
2977792 559050752
2977792 559050752
2977792 559050752
2977792 559050752
