1788763260 4
1788763261 8
1788763262 8
1788763263 8
1788763264 8
1788763265 8
1788763266 8
1788763267 8
1788763268 8
1788763269 8
1788763270 8
1788763271 8
1788763272 8
1788763273 8
1788763274 8
1788763275 8
1788763276 8
1788763277 8
1788763278 8
1788763279 8
1788763280 8
1788763281 8
1788763282 8
1788763283 8
1788763284 8
1788763285 8
1788763286 8
1788763287 8
1788763288 8
1788763289 8
1788763290 8
1788763291 8
1788763292 8
1788763293 8
1788763294 8
1788763295 8
1788763296 8
1788763297 8
1788763297 8
1788763299 8
1788763300 8
1788763300 8
1788763301 8
1788763302 8
1788763303 8
1788763304 8
1788763305 8
1788763306 8
1788763307 8
1788763308 8
1788763309 8
1788763310 8
1788763311 8
1788763312 8
1788763313 8
1788763314 8
1788763315 8
1788763316 8
1788763317 8
1788763318 8
1788763319 8
1788763320 8
1788763321 8
1788763322 8
1788763323 8
1788763324 8
1788763325 8
1788763326 8
1788763327 8
1788763328 8
1788763329 7
1788763330 7
1788763331 7
1788763332 7
1788763333 7
1788763334 7
1788763335 6
1788763335 4
1788763336 2
1788763337 1
1788763338 0
1788763339 0
1788763340 0
1788763341 0
