1788732224 2
1788732225 8
1788732226 8
1788732227 8
1788732228 8
1788732229 8
1788732230 8
1788732231 8
1788732232 8
1788732234 8
1788732235 8
1788732236 8
1788732237 8
1788732238 8
1788732239 8
1788732240 8
1788732242 8
1788732243 8
1788732244 8
1788732245 8
1788732246 8
1788732247 8
1788732249 8
1788732250 8
1788732251 8
1788732252 8
1788732254 8
1788732255 8
1788732256 8
1788732257 8
1788732258 8
1788732259 8
1788732261 8
1788732262 8
1788732263 8
1788732264 8
1788732265 8
1788732266 8
1788732267 8
1788732269 8
1788732270 8
1788732271 8
1788732272 8
1788732273 8
1788732274 8
1788732276 8
1788732277 8
1788732278 8
1788732279 8
1788732280 8
1788732281 8
1788732283 8
1788732284 8
1788732285 8
1788732286 8
1788732287 8
1788732288 8
1788732290 8
1788732291 8
1788732292 8
1788732293 8
1788732294 8
1788732295 8
1788732297 8
1788732298 8
1788732299 8
1788732300 8
1788732301 8
1788732302 8
1788732304 8
1788732305 8
1788732306 8
1788732307 8
1788732308 8
1788732309 8
1788732311 8
1788732312 8
1788732313 8
1788732314 8
1788732315 8
1788732316 8
1788732318 6
1788732319 5
1788732320 3
1788732321 1
1788732322 0
1788732323 0
1788732325 0
1788732326 0
1788732327 0
1788732328 0
1788732329 0
