1788673747 8
1788673748 8
1788673749 8
1788673750 8
1788673751 8
1788673752 8
1788673753 8
1788673754 8
1788673755 8
1788673757 8
1788673758 8
1788673759 8
1788673760 8
1788673761 8
1788673762 8
1788673763 8
1788673764 8
1788673765 8
1788673766 8
1788673767 8
1788673768 8
1788673769 8
1788673770 8
1788673771 8
1788673772 8
1788673773 8
1788673774 8
1788673775 8
1788673776 8
1788673777 8
1788673778 8
1788673779 8
1788673780 8
1788673781 8
1788673782 8
1788673783 8
1788673784 8
1788673785 8
1788673786 8
1788673787 8
1788673788 8
1788673789 8
1788673790 8
1788673791 8
1788673792 8
1788673793 8
1788673795 8
1788673796 7
1788673797 7
1788673798 6
1788673799 6
1788673800 6
1788673801 6
1788673802 6
1788673803 5
1788673804 4
1788673805 2
1788673806 2
1788673807 1
1788673808 1
1788673809 0
1788673810 0
