1788673857 0
1788673858 8
1788673859 8
1788673860 8
1788673861 8
1788673862 8
1788673863 8
1788673864 8
1788673865 8
1788673866 8
1788673867 8
1788673868 8
1788673869 8
1788673871 8
1788673872 8
1788673873 8
1788673874 8
1788673875 8
1788673876 8
1788673877 8
1788673878 8
1788673879 8
1788673880 8
1788673881 8
1788673882 8
1788673883 8
1788673884 8
1788673885 8
1788673886 8
1788673887 8
1788673888 8
1788673889 8
1788673890 8
1788673891 8
1788673892 8
1788673893 8
1788673895 8
1788673896 8
1788673897 8
1788673898 8
1788673899 8
1788673900 8
1788673901 8
1788673902 8
1788673903 8
1788673904 8
1788673905 8
1788673906 8
1788673907 8
1788673908 7
1788673909 6
1788673910 5
1788673911 4
1788673912 4
1788673913 4
1788673914 4
1788673915 4
1788673916 2
1788673917 2
1788673918 0
1788673919 0
