9920512 17543168
4661248 20307968
1728512 25075712
10092544 41394176
6578176 45584384
10240000 55472128
10240000 55472128
10240000 55472128
10240000 55472128
10240000 55472128
10240000 55472128
4661248 92155904
4661248 92155904
4661248 92155904
1736704 116649984
1736704 116649984
1736704 116649984
1736704 116649984
9302016 152735744
9302016 152735744
9302016 152735744
9302016 152735744
9302016 152735744
1777664 181936128
1777664 181936128
1777664 181936128
1777664 181936128
1777664 181936128
3325952 220864512
3325952 220864512
3325952 220864512
1822720 247189504
1822720 247189504
1822720 247189504
1822720 247189504
7069696 278810624
7069696 278810624
7069696 278810624
7069696 278810624
7069696 278810624
7069696 278810624
9420800 322727936
9420800 322727936
9420800 322727936
9420800 322727936
1683456 318676992
1683456 318676992
