1788751046 8
1788751048 8
1788751049 8
1788751050 8
1788751051 8
1788751052 8
1788751053 8
1788751054 8
1788751055 8
1788751056 8
1788751057 8
1788751058 8
1788751059 8
1788751060 8
1788751061 8
1788751062 8
1788751063 8
1788751064 8
1788751065 8
1788751066 8
1788751068 8
1788751069 8
1788751070 8
1788751071 8
1788751072 8
1788751073 8
1788751074 8
1788751075 8
1788751076 8
1788751077 8
1788751078 8
1788751079 8
1788751080 8
1788751081 8
1788751082 8
1788751083 8
1788751084 8
1788751085 8
1788751086 8
1788751087 8
1788751088 8
1788751089 8
1788751090 8
1788751092 8
1788751093 8
1788751094 8
1788751095 8
1788751096 8
1788751097 8
1788751098 8
1788751099 8
1788751100 8
1788751101 8
1788751102 8
1788751103 8
1788751104 8
1788751105 8
1788751106 7
1788751107 7
1788751108 5
1788751109 3
1788751110 3
1788751111 3
1788751112 1
1788751113 0
1788751114 0
1788751115 0
