1788751218 0
1788751219 8
1788751220 8
1788751221 8
1788751222 8
1788751223 8
1788751225 8
1788751226 8
1788751227 8
1788751228 8
1788751229 8
1788751230 8
1788751231 8
1788751232 8
1788751233 8
1788751234 8
1788751235 8
1788751236 8
1788751237 8
1788751238 8
1788751239 8
1788751240 8
1788751241 8
1788751242 8
1788751244 8
1788751245 8
1788751246 8
1788751247 8
1788751248 8
1788751249 8
1788751250 8
1788751251 8
1788751252 8
1788751253 8
1788751254 8
1788751255 8
1788751256 8
1788751257 8
1788751258 8
1788751259 8
1788751260 8
1788751261 8
1788751262 8
1788751263 8
1788751264 8
1788751265 8
1788751266 8
1788751267 8
1788751268 8
1788751269 8
1788751270 8
1788751271 8
1788751272 8
1788751273 8
1788751274 8
1788751275 8
1788751276 8
1788751277 8
1788751278 7
1788751279 6
1788751280 5
1788751281 5
1788751282 4
1788751283 3
1788751284 3
1788751286 1
1788751287 0
1788751288 0
