1788661145 0
1788661146 0
1788661147 0
1788661148 8
1788661149 8
1788661150 8
1788661151 8
1788661152 8
1788661153 8
1788661154 8
1788661155 8
1788661157 8
1788661158 8
1788661159 8
1788661160 8
1788661161 8
1788661162 8
1788661163 8
1788661164 8
1788661165 8
1788661166 8
1788661167 8
1788661168 8
1788661169 8
1788661170 8
1788661171 8
1788661172 8
1788661173 8
1788661174 8
1788661175 8
1788661177 8
1788661178 8
1788661179 8
1788661180 8
1788661181 8
1788661182 8
1788661183 8
1788661184 8
1788661185 8
1788661186 8
1788661187 8
1788661188 8
1788661189 8
1788661190 6
1788661191 6
1788661192 6
1788661193 6
1788661194 3
1788661195 1
1788661196 0
1788661198 0
1788661199 0
