1788732400 6
1788732401 8
1788732402 8
1788732403 8
1788732404 8
1788732405 8
1788732406 8
1788732407 8
1788732408 8
1788732409 8
1788732410 8
1788732411 8
1788732412 8
1788732413 8
1788732415 8
1788732416 8
1788732417 8
1788732418 8
1788732419 8
1788732420 8
1788732421 8
1788732422 8
1788732423 8
1788732424 8
1788732425 8
1788732426 8
1788732427 8
1788732428 8
1788732429 8
1788732430 8
1788732431 8
1788732433 8
1788732434 8
1788732434 8
1788732436 8
1788732437 8
1788732438 8
1788732439 8
1788732440 8
1788732441 8
1788732442 8
1788732443 8
1788732444 8
1788732445 8
1788732446 8
1788732447 8
1788732448 8
1788732449 8
1788732450 8
1788732451 8
1788732452 8
1788732453 8
1788732455 8
1788732456 8
1788732457 8
1788732458 8
1788732459 8
1788732460 8
1788732461 8
1788732462 8
1788732463 8
1788732464 8
1788732465 8
1788732466 8
1788732467 8
1788732468 8
1788732469 8
1788732470 8
1788732471 8
1788732472 8
1788732473 7
1788732474 6
1788732476 6
1788732477 6
1788732478 5
1788732479 4
1788732480 4
1788732481 1
1788732482 0
1788732483 0
1788732484 0
1788732485 0
